              precision    recall  f1-score   support

           0       0.85      0.97      0.91    133672
           1       0.99      1.00      0.99     56462
           2       0.95      0.43      0.60       122
           3       1.00      0.50      0.67        46
           4       1.00      1.00      1.00    133692
           5       1.00      0.99      1.00       346
           6       0.13      1.00      0.23      8291
           7       1.00      0.35      0.51     86977
           8       0.65      0.22      0.33      4218
           9       0.99      0.99      0.99      2057
          10       0.69      0.94      0.80      7869
          11       0.74      0.32      0.44     32121
          12       0.83      0.29      0.43        17
          13       1.00      1.00      1.00     23465

    accuracy                           0.82    489355
   macro avg       0.84      0.71      0.71    489355
weighted avg       0.92      0.82      0.83    489355
