              precision    recall  f1-score   support

           0       0.86      0.96      0.91    133675
           1       1.00      1.00      1.00     56462
           2       0.74      0.65      0.69       122
           3       1.00      0.57      0.72        46
           4       1.00      1.00      1.00    133692
           5       1.00      1.00      1.00       346
           6       1.00      1.00      1.00      8291
           7       1.00      1.00      1.00     86977
           8       0.72      0.33      0.46      4218
           9       0.99      0.99      0.99      2057
          10       0.72      0.93      0.81      7869
          11       0.72      0.37      0.49     32121
          12       0.86      0.35      0.50        17
          13       1.00      1.00      1.00     23465

    accuracy                           0.94    489358
   macro avg       0.90      0.80      0.83    489358
weighted avg       0.94      0.94      0.93    489358
