              precision    recall  f1-score   support

           0       0.87      0.96      0.91    133676
           1       0.99      1.00      1.00     56462
           2       0.68      0.68      0.68       122
           3       0.70      0.46      0.55        46
           4       1.00      1.00      1.00    133692
           5       1.00      1.00      1.00       346
           6       1.00      1.00      1.00      8291
           7       1.00      1.00      1.00     86977
           8       0.62      0.11      0.19      4218
           9       0.98      0.99      0.98      2057
          10       0.67      0.96      0.79      7869
          11       0.69      0.38      0.49     32121
          12       1.00      0.35      0.52        17
          13       1.00      1.00      1.00     23465

    accuracy                           0.94    489359
   macro avg       0.87      0.78      0.79    489359
weighted avg       0.93      0.94      0.93    489359
